-7.327626645565032959e-02 1.390796341001987457e-02 -2.651426754891872406e-02
-7.043852657079696655e-02 -3.996348939836025238e-03 -1.218584552407264709e-02
-6.861186772584915161e-02 -2.266265638172626495e-02 -1.279537752270698547e-02
-6.556686013936996460e-02 -4.171330481767654419e-02 -1.242892164736986160e-02
-5.841024965047836304e-02 -5.841637775301933289e-02 -4.807704128324985504e-03
-4.836544394493103027e-02 -7.484748214483261108e-02 2.640876686200499535e-03
-3.482337668538093567e-02 -9.089131653308868408e-02 1.358258631080389023e-02
-1.583657599985599518e-02 -1.028014868497848511e-01 2.722776122391223907e-02
2.910761861130595207e-03 -1.059078574180603027e-01 3.138540685176849365e-02
2.108279429376125336e-02 -1.013687551021575928e-01 2.710036560893058777e-02
3.846635669469833374e-02 -8.850331604480743408e-02 1.311310566961765289e-02
4.989847540855407715e-02 -7.233227789402008057e-02 2.963644918054342270e-03
5.899105593562126160e-02 -5.604041740298271179e-02 -3.838381264358758926e-03
6.509519368410110474e-02 -3.958433866500854492e-02 -1.041358988732099533e-02
6.779155880212783813e-02 -2.088956907391548157e-02 -9.829950518906116486e-03
6.945378333330154419e-02 -2.422661520540714264e-03 -9.083077311515808105e-03
7.257522642612457275e-02 1.501886174082756042e-02 -2.438886836171150208e-02
-6.010676920413970947e-02 2.532722987234592438e-02 1.004450023174285889e-02
-5.201426520943641663e-02 4.083760455250740051e-02 2.563074976205825806e-02
-3.713516891002655029e-02 4.519245401024818420e-02 3.830364719033241272e-02
-2.162093669176101685e-02 4.422752559185028076e-02 4.405102133750915527e-02
-8.781410753726959229e-03 4.102011770009994507e-02 4.581837356090545654e-02
9.553365409374237061e-03 4.125731438398361206e-02 4.636798053979873657e-02
2.227555587887763977e-02 4.462420567870140076e-02 4.500646144151687622e-02
3.744092583656311035e-02 4.527795687317848206e-02 3.946543484926223755e-02
5.195879936218261719e-02 4.108681157231330872e-02 2.634847536683082581e-02
6.022055447101593018e-02 2.628419175744056702e-02 1.059346273541450500e-02
6.396537064574658871e-04 2.944851294159889221e-02 5.088089779019355774e-02
7.337831193581223488e-04 1.793080382049083710e-02 6.063877418637275696e-02
6.088503869250416756e-04 7.177785504609346390e-03 6.948566436767578125e-02
6.022337474860250950e-04 -4.077992867678403854e-03 7.610025256872177124e-02
-1.391611807048320770e-02 -1.677824556827545166e-02 5.406852811574935913e-02
-6.791419349610805511e-03 -1.898343861103057861e-02 5.750008672475814819e-02
2.232958795502781868e-04 -2.061523869633674622e-02 5.949406698346138000e-02
7.184332236647605896e-03 -1.905864290893077850e-02 5.771185830235481262e-02
1.437860913574695587e-02 -1.710065454244613647e-02 5.445156991481781006e-02
-4.494504630565643311e-02 2.200154215097427368e-02 2.655026316642761230e-02
-3.574965149164199829e-02 2.719330787658691406e-02 3.515123575925827026e-02
-2.624748274683952332e-02 2.701748907566070557e-02 3.577813506126403809e-02
-1.733774319291114807e-02 2.262198552489280701e-02 3.342410922050476074e-02
-2.603610232472419739e-02 1.972525939345359802e-02 3.539087250828742981e-02
-3.517496213316917419e-02 1.900139078497886658e-02 3.445561230182647705e-02
1.802258007228374481e-02 2.266097441315650940e-02 3.396119922399520874e-02
2.691953256726264954e-02 2.675190381705760956e-02 3.651211783289909363e-02
3.643888980150222778e-02 2.693882957100868225e-02 3.598671406507492065e-02
4.553543403744697571e-02 2.207708358764648438e-02 2.726229652762413025e-02
3.570788353681564331e-02 1.901209168136119843e-02 3.510173782706260681e-02
2.664185687899589539e-02 1.965441182255744934e-02 3.584761917591094971e-02
-2.552510611712932587e-02 -5.095567181706428528e-02 3.708955645561218262e-02
-1.792450621724128723e-02 -4.054682329297065735e-02 5.114644393324851990e-02
-6.524550728499889374e-03 -3.723758459091186523e-02 5.888521671295166016e-02
3.458834253251552582e-04 -3.762493282556533813e-02 5.988039821386337280e-02
7.235578261315822601e-03 -3.743018954992294312e-02 5.895750224590301514e-02
1.852747425436973572e-02 -4.081214219331741333e-02 5.140142142772674561e-02
2.716357819736003876e-02 -5.002583563327789307e-02 3.734137862920761108e-02
2.020496316254138947e-02 -6.082952395081520081e-02 4.459334164857864380e-02
9.642907418310642242e-03 -6.481218338012695312e-02 5.148017778992652893e-02
1.755737932398915291e-03 -6.613470613956451416e-02 5.216049402952194214e-02
-6.162893027067184448e-03 -6.540236622095108032e-02 5.124788358807563782e-02
-1.743658073246479034e-02 -6.217721104621887207e-02 4.428652673959732056e-02
-2.492181956768035889e-02 -5.132788792252540588e-02 3.655999153852462769e-02
-6.493303924798965454e-03 -4.353587329387664795e-02 5.156650766730308533e-02
4.050068382639437914e-04 -4.307805001735687256e-02 5.248524248600006104e-02
7.437966298311948776e-03 -4.377425834536552429e-02 5.180928111076354980e-02
2.695650234818458557e-02 -4.995078593492507935e-02 3.737621381878852844e-02
8.862396702170372009e-03 -5.784895271062850952e-02 4.688364267349243164e-02
1.666179392486810684e-03 -5.836468935012817383e-02 4.758531600236892700e-02
-6.049356888979673386e-03 -5.836415290832519531e-02 4.677608609199523926e-02
